0;71
0;30
0;99
0;2
0;32
0;85
0;93
0;3
0;16
0;69
0;53
0;56
0;9
0;30
0;60
0;32
0;74
0;4
0;31
1;11
1;51
1;99
1;11
1;39
1;84
1;5
1;4
1;26
1;29
1;63
2;74
2;60
2;46
2;92
2;0
2;54
2;15
2;38
2;61
2;0
2;25
2;63
2;52
2;33
2;13
2;38
2;55
2;6
2;94
2;14
2;45
2;2
2;20
3;8
3;92
3;0
3;8
3;25
3;20
3;3
3;86
3;76
3;44
3;46
3;27
3;24
3;56
3;91
3;81
4;68
4;52
4;5
4;98
4;60
4;85
4;60
4;54
4;98
4;67
4;56
4;49
4;61
5;3
5;21
5;54
5;24
5;38
5;94
5;60
5;42
5;40
5;93
5;53
5;33
5;44
5;95
5;29
5;62
5;64
5;87
5;26
5;75
5;52
5;28
5;8
5;4
5;53
6;31
6;29
6;96
6;96
6;98
6;30
6;12
6;74
6;29
6;25
6;1
6;84
6;24
6;3
6;64
6;25
6;38
6;81
6;55
6;33
6;60
6;71
6;46
6;7
7;66
7;82
7;25
7;33
7;93
7;45
7;12
7;51
7;29
7;73
7;22
7;37
7;50
7;34
8;66
8;92
8;87
8;6
8;51
8;91
8;73
8;43
8;65
8;58
8;9
8;5
8;0
8;62
8;11
8;6
9;99
9;80
9;75
9;66
9;93
9;25
9;89
9;60
9;26
9;96
9;87
9;83
9;16
9;88
9;25
9;39
9;76
9;47
9;93
10;100
10;65
10;92
10;27
10;18
10;71
10;95
10;84
10;28
10;59
10;3
10;62
10;7
10;19
10;64
10;43
11;100
11;95
11;38
11;72
11;40
11;35
11;32
11;76
11;86
11;31
11;92
11;40
11;13
11;100
11;79
12;10
12;15
12;44
12;37
12;96
12;5
12;64
12;36
12;65
12;71
12;86
12;81
12;54
12;25
12;6
12;43
13;49
13;25
13;20
13;64
13;71
13;11
13;73
13;37
13;22
13;10
13;90
13;7
13;69
13;3
13;73
13;42
13;72
13;78
13;28
13;99
13;37
14;30
14;42
14;25
14;19
14;34
14;98
14;63
14;25
14;88
14;17
14;64
14;25
14;51
14;20
14;21
14;29
14;57
14;81
14;81
14;16
14;82
15;57
15;36
15;11
15;83
15;18
15;12
15;26
15;10
15;66
15;58
15;57
15;5
15;36
15;77
15;81
15;42
15;29
15;92
15;62
15;7
15;44
15;71
15;52
15;12
15;90
15;4
15;59
16;31
16;89
16;77
16;47
16;41
16;55
16;76
16;65
16;92
16;34
16;65
16;79
16;93
16;74
16;63
16;13
16;27
16;24
16;29
16;51
17;48
17;67
17;71
17;60
17;34
17;30
17;38
17;62
17;1
17;81
17;27
17;60
17;35
17;12
17;23
18;50
18;33
18;30
18;21
18;89
18;79
18;80
18;83
18;51
18;1
18;6
18;70
18;60
18;75
18;34
18;82
18;39
18;88
18;55
18;46
18;17
18;73
18;79
18;43
18;20
18;38
18;96
19;50
19;56
19;60
19;38
19;76
19;61
19;20
19;46
19;14
19;88
19;55
19;18
19;21
19;49
19;16
19;11
19;90
19;24
19;12
19;54
20;58
20;55
20;90
20;7
20;97
20;77
20;37
20;73
20;59
20;83
20;24
20;98
20;25
20;15
20;62
20;47
20;52
20;75
20;11
20;83
20;66
20;75
21;96
21;27
21;54
21;3
21;99
21;85
21;3
21;96
21;33
21;79
21;73
21;86
21;61
21;30
21;69
21;38
21;52
21;7
21;85
21;23
21;83
21;26
21;3
21;99
22;37
22;30
22;94
22;80
22;88
22;45
22;3
22;9
22;63
22;11
22;3
22;35
22;66
22;34
22;34
22;64
22;52
22;34
22;19
22;47
22;97
22;17
22;14
22;61
23;69
23;17
23;62
23;20
23;66
23;25
23;36
23;82
23;34
23;17
23;44
23;69
23;50
23;87
23;62
23;81
23;33
24;55
24;59
24;43
24;99
24;46
24;25
24;66
24;73
24;29
24;87
24;4
24;16
24;60
24;55
24;100
24;81
24;17
24;53
24;15
24;96
24;33
24;38
25;22
25;98
25;55
25;27
25;11
25;83
25;80
25;18
25;95
25;33
25;18
25;81
25;40
25;41
25;94
25;66
25;50
26;69
26;73
26;35
26;7
26;3
26;35
26;47
26;1
26;92
26;5
26;35
26;51
26;45
26;10
26;59
26;34
26;67
26;73
26;73
26;11
26;73
26;2
26;23
26;45
27;33
27;49
27;75
27;60
27;96
27;0
27;10
27;93
28;2
28;82
28;41
28;37
28;65
28;77
28;56
28;15
28;46
28;58
28;57
28;3
28;55
28;43
28;16
28;98
28;39
28;87
29;69
29;37
29;19
29;36
29;13
29;62
29;68
29;100
29;36
29;17
29;28
29;40
29;100
29;48
30;60
30;39
30;74
30;75
30;25
30;7
30;31
30;62
30;46
30;78
30;26
30;21
30;81
30;62
30;66
30;56
30;3
30;59
30;99
30;60
30;27
30;43
30;30
30;32
30;32
31;75
31;31
31;39
31;86
31;51
31;12
31;66
31;2
31;25
31;14
31;32
31;25
31;38
31;59
31;73
31;77
31;45
31;34
31;67
31;95
31;58
31;18
31;48
31;89
31;87
31;64
31;46
31;78
31;30
31;61
31;67
31;54
31;46
32;18
32;77
32;10
32;9
32;4
32;13
32;5
32;43
32;66
32;17
32;77
32;48
32;55
32;76
32;64
32;20
32;28
32;8
32;39
32;5
32;90
32;55
32;49
32;29
32;48
32;36
32;91
33;48
33;8
33;68
33;55
33;9
33;84
33;66
33;65
33;57
33;64
33;17
33;5
33;43
33;38
33;69
33;0
33;26
33;49
33;79
34;61
34;24
34;35
34;58
34;67
34;21
34;41
34;12
34;89
34;38
34;93
34;92
34;15
34;59
34;45
34;6
34;72
34;79
34;84
34;93
34;75
34;100
35;23
35;99
35;57
35;22
35;66
35;24
35;81
35;65
35;90
35;59
35;12
35;53
35;46
35;19
35;29
35;34
35;92
35;96
35;26
35;11
36;43
36;4
36;17
36;68
36;38
36;84
36;46
36;50
36;80
36;80
36;60
36;18
36;69
36;70
37;86
37;50
37;3
37;90
37;80
37;4
37;19
37;55
37;32
37;57
37;96
37;69
37;50
37;93
37;8
37;29
37;94
37;82
37;26
37;39
37;95
37;82
37;60
38;62
38;58
38;42
38;98
38;7
38;56
38;100
38;87
38;6
38;78
38;17
38;73
38;89
38;1
38;22
38;73
38;65
38;31
38;87
38;73
38;40
38;60
39;23
39;23
39;12
39;34
39;26
39;31
39;34
39;16
39;50
39;62
39;8
39;31
39;8
39;90
39;85
39;50
39;72
39;29
39;35
39;17
39;71
39;35
39;73
40;83
40;91
40;75
40;4
40;58
40;8
40;76
40;33
40;56
40;13
40;51
40;65
40;48
40;100
40;7
40;83
40;97
40;30
40;44
40;83
40;98
40;16
40;87
40;96
40;42
40;11
40;100
41;71
41;54
41;39
41;61
41;69
41;29
41;54
41;6
41;37
41;0
41;69
41;57
41;48
42;26
42;36
42;77
42;14
42;50
42;36
42;44
42;5
42;28
42;0
42;18
42;78
42;17
42;92
42;85
42;20
42;40
43;96
43;73
43;40
43;59
43;83
43;67
43;35
43;60
43;78
43;27
43;36
43;90
43;60
43;37
43;42
43;16
43;51
43;24
43;37
43;71
43;31
43;18
44;46
44;16
44;81
44;20
44;81
44;21
44;57
44;74
44;31
44;97
44;70
44;60
44;1
44;28
44;63
44;83
44;4
44;1
44;14
44;42
44;93
45;14
45;78
45;55
45;95
45;87
45;12
45;52
45;18
45;92
45;62
45;26
45;44
45;21
45;64
45;12
45;82
45;14
45;52
45;89
45;20
45;9
45;23
45;57
45;88
45;95
45;4
45;2
46;41
46;13
46;44
46;6
46;25
46;89
46;43
46;27
46;51
46;5
46;34
46;2
46;4
46;35
46;59
46;81
46;55
46;35
46;26
46;7
47;12
47;27
47;59
47;67
47;9
47;0
47;19
47;50
47;49
47;99
47;26
47;10
47;11
47;69
47;14
47;61
47;28
48;81
48;31
48;4
48;59
48;96
48;47
48;50
48;4
48;66
48;34
48;44
48;48
48;92
48;63
48;14
48;56
48;40
48;19
48;39
49;58
49;39
49;16
49;46
49;12
49;2
49;74
49;9
49;93
49;31
49;99
49;40
49;85
49;46
49;15
49;97
49;92
49;0
49;74
50;13
50;63
50;86
50;55
50;21
50;76
50;89
50;63
50;59
50;58
50;18
50;32
50;16
50;43
50;16
50;0
50;60
51;60
51;37
51;16
51;6
51;85
51;9
51;7
51;47
51;63
51;9
51;14
51;9
51;85
51;5
51;75
51;84
51;25
52;51
52;25
52;0
52;50
52;68
52;54
52;33
52;71
52;58
52;88
53;11
53;92
53;27
53;51
53;66
53;100
53;52
53;13
53;65
53;38
53;65
53;94
53;92
53;33
53;22
53;89
53;60
53;22
53;41
53;78
54;41
54;79
54;49
54;12
54;45
54;98
54;62
54;72
54;74
54;81
54;1
54;6
54;79
54;85
54;70
54;81
54;89
54;80
54;88
54;76
54;0
54;97
54;77
54;100
54;69
54;36
54;28
54;50
55;76
55;85
55;44
55;95
55;3
55;86
55;6
55;82
55;3
55;16
55;16
55;35
55;19
55;39
55;55
55;9
55;56
55;20
55;99
55;41
55;84
55;99
55;52
55;94
55;74
55;96
55;22
55;65
55;21
56;79
56;57
56;87
56;19
56;40
56;17
56;16
56;3
56;52
56;46
56;46
56;17
56;14
56;56
57;76
57;13
57;39
57;86
57;85
57;60
57;80
57;38
57;4
57;60
57;69
57;14
58;92
58;91
58;55
58;71
58;28
58;20
58;42
58;56
58;58
58;95
58;3
58;41
58;37
58;59
59;17
59;2
59;77
59;34
59;94
59;10
59;92
59;12
59;79
59;79
59;28
59;57
59;96
59;3
59;4
59;7
59;78
60;92
60;44
60;47
60;85
60;52
60;61
60;53
60;91
60;39
60;13
60;62
60;62
60;66
60;3
60;83
60;62
60;0
60;28
60;79
60;23
60;51
60;88
61;77
61;96
61;56
61;63
61;12
61;69
61;24
61;60
61;51
61;64
61;100
61;57
61;10
61;52
61;19
61;16
61;41
61;58
61;68
62;9
62;85
62;78
62;86
62;49
62;24
62;14
62;66
62;13
62;46
62;97
62;12
62;51
62;98
62;54
62;11
62;16
62;89
62;71
62;89
62;83
63;29
63;58
63;73
63;7
63;48
63;30
63;38
63;29
63;31
63;28
63;24
63;31
63;0
63;63
63;73
64;96
64;52
64;88
64;50
64;92
64;51
64;76
64;29
64;4
64;87
64;78
64;4
64;96
64;11
64;31
64;89
64;16
64;41
64;66
65;22
65;36
65;11
65;1
65;37
65;17
65;93
65;9
65;13
65;69
65;88
65;33
65;34
65;35
65;2
65;65
65;20
65;36
66;34
66;22
66;53
66;77
66;43
66;44
66;78
66;57
66;35
66;19
66;64
66;91
66;12
66;47
66;37
66;61
67;76
67;56
67;30
67;35
67;53
67;0
67;25
67;20
67;29
67;89
67;43
67;28
67;63
67;55
67;25
67;98
67;90
67;92
68;50
68;0
68;91
68;94
68;17
68;62
68;2
68;81
68;59
68;10
68;74
68;28
68;98
68;3
68;83
68;78
68;88
68;3
68;51
68;94
68;16
68;49
68;82
68;31
68;77
68;76
68;13
69;77
69;46
69;37
69;67
69;97
69;81
69;67
69;54
69;25
69;22
69;91
69;32
69;73
69;22
69;34
69;38
69;100
69;31
69;83
69;75
69;98
69;14
69;87
69;82
69;32
70;18
70;45
70;66
70;71
70;15
70;48
70;69
70;7
70;37
70;77
70;80
70;15
70;23
70;6
70;85
70;61
70;29
70;71
70;71
70;99
70;30
70;32
71;30
71;16
71;7
71;14
71;88
71;26
71;69
71;13
71;11
71;30
71;45
71;32
71;95
71;22
71;48
71;9
71;3
71;20
71;56
71;33
71;48
71;35
71;22
71;55
71;84
71;45
72;29
72;31
72;17
72;71
72;61
72;10
72;92
72;68
72;55
72;18
72;35
72;97
72;76
72;35
72;97
72;91
72;23
72;72
72;73
72;27
72;78
72;50
72;9
73;67
73;91
73;59
73;96
73;85
73;82
73;35
73;19
73;71
73;52
73;4
73;29
73;37
73;46
73;35
73;45
73;22
73;16
73;23
73;96
74;25
74;1
74;43
74;15
74;94
74;24
74;97
74;46
74;39
74;38
74;79
74;35
74;37
74;28
74;4
74;89
74;18
75;15
75;69
75;23
75;39
75;42
75;26
75;17
75;37
75;41
75;52
75;36
75;19
75;87
75;31
75;99
75;87
75;100
75;69
75;86
75;96
75;33
76;12
76;56
76;12
76;62
76;83
76;9
76;25
76;56
76;45
76;93
76;58
76;38
76;72
76;47
76;31
76;13
76;47
77;9
77;62
77;89
77;48
77;62
77;8
77;84
77;15
77;77
77;69
77;7
77;27
77;99
77;52
78;28
78;37
78;59
78;9
78;0
78;93
78;66
78;5
78;42
78;52
78;62
78;73
78;9
78;68
78;92
78;65
78;14
78;64
78;88
78;90
78;58
78;33
78;21
78;30
78;91
79;11
79;94
79;11
79;37
79;5
79;66
79;85
80;34
80;88
80;1
80;16
80;14
80;94
80;38
80;20
80;28
80;77
80;85
80;22
81;75
81;33
81;28
81;79
81;36
81;5
81;98
81;46
81;53
81;25
81;19
81;53
81;99
81;16
81;66
81;29
82;85
82;41
82;65
82;42
82;33
82;0
82;96
82;43
82;45
82;48
82;90
82;15
82;72
82;31
82;94
82;87
82;18
82;37
82;76
82;98
83;77
83;66
83;17
83;33
83;84
83;46
83;14
83;33
83;86
83;6
83;37
83;4
83;3
83;74
83;40
84;13
84;11
84;25
84;75
84;2
84;81
84;30
84;85
84;68
84;46
84;15
84;92
84;18
84;15
84;98
84;18
84;59
84;24
84;28
84;36
84;77
84;81
84;81
84;98
84;5
85;8
85;100
85;3
85;68
85;85
85;48
85;95
85;88
85;77
85;13
86;84
86;76
86;42
86;53
86;35
86;28
86;83
86;33
86;37
86;37
86;31
86;95
86;1
86;86
86;48
86;29
86;89
86;43
86;86
86;39
86;95
86;28
86;51
86;77
86;89
86;85
86;80
86;90
87;58
87;42
87;76
87;74
87;72
87;32
87;31
87;80
87;22
87;40
87;96
87;9
87;24
87;16
87;74
87;23
87;29
87;97
88;5
88;59
88;9
88;97
88;17
88;48
88;35
88;92
88;93
88;62
88;8
88;65
88;81
88;57
88;23
88;75
88;83
88;40
88;88
88;3
88;13
88;85
89;40
89;68
89;88
89;72
89;57
89;67
89;35
89;69
89;99
89;70
89;20
89;5
89;25
89;67
89;46
89;38
89;71
89;54
89;72
89;2
89;9
90;66
90;34
90;9
90;98
90;10
90;48
90;68
90;59
90;96
90;83
90;15
90;67
90;20
90;70
90;29
90;51
90;71
90;43
91;82
91;92
91;26
91;67
91;9
91;88
91;39
91;30
91;2
91;82
91;20
91;66
91;88
91;7
91;23
91;72
91;5
91;9
91;96
91;66
91;98
91;98
91;79
92;0
92;70
92;47
92;32
92;1
92;85
92;47
92;67
92;16
92;86
92;31
92;80
92;27
92;65
92;38
92;81
92;14
92;75
92;35
92;34
92;12
92;85
92;51
93;2
93;40
93;35
93;85
93;4
93;51
93;38
93;43
93;70
93;8
93;24
93;50
93;19
93;35
93;10
93;57
93;20
93;99
93;94
93;71
93;1
93;47
93;100
93;17
94;60
94;7
94;22
94;75
94;64
94;92
94;35
94;79
94;53
94;32
94;100
94;89
94;94
94;64
94;97
94;16
94;42
94;90
94;53
95;81
95;17
95;29
95;48
95;93
95;32
95;65
95;52
95;95
95;25
95;10
95;39
95;40
95;50
95;89
95;92
95;0
95;19
95;69
95;63
95;22
95;12
95;22
95;64
96;60
96;26
96;53
96;4
96;44
96;84
96;25
96;51
96;78
96;75
96;13
96;19
96;63
96;26
96;58
96;89
96;15
96;76
97;92
97;45
97;37
97;72
97;51
97;19
97;80
97;54
97;47
97;92
97;56
97;21
97;54
97;77
97;38
97;70
97;32
97;10
97;53
97;41
97;7
97;24
97;17
97;31
98;94
98;46
98;46
98;56
98;61
98;31
98;48
98;73
98;7
98;96
98;66
98;8
98;97
98;66
98;97
98;47
98;36
98;11
98;36
98;66
98;14
98;96
98;4
99;67
99;89
99;44
99;48
99;95
99;33
99;40
99;85
99;95
99;2
99;86
99;94
99;30
99;4
99;75
99;28
99;78
99;77
99;4
99;39
99;36
100;13
100;55
100;92
100;41
100;27
100;93
100;99
100;34
100;1
100;32
100;94
100;2
100;32
100;55
100;32
100;57
100;30
100;15
100;35
100;9
100;18
101;84
101;31
101;60
101;68
101;92
101;96
101;73
101;54
101;49
101;14
101;86
101;95
101;46
101;38
101;85
101;40
101;73
101;38
101;58
102;99
102;100
102;59
102;99
102;58
102;10
102;18
102;92
102;62
102;23
102;32
102;45
102;79
102;28
102;15
102;48
102;72
102;1
102;38
102;27
102;56
102;31
102;19
102;79
102;94
103;98
103;72
103;96
103;97
103;60
103;98
103;50
103;77
103;69
103;76
103;56
103;54
103;60
103;57
103;15
103;30
103;4
104;37
104;64
104;83
104;98
104;80
104;62
104;86
104;40
104;55
104;79
104;37
104;2
104;39
105;65
105;3
105;23
105;64
105;52
105;96
105;38
105;84
105;83
105;94
105;8
105;44
105;49
105;26
105;28
105;97
105;26
105;7
105;77
105;51
105;50
106;49
106;7
106;13
106;96
106;33
106;39
106;13
106;84
106;79
106;38
106;62
106;87
106;47
106;30
106;50
106;7
106;34
106;46
106;99
106;98
107;50
107;75
107;22
107;46
107;28
107;26
107;82
107;13
107;7
107;55
107;30
107;94
107;78
107;3
107;1
107;81
107;40
107;91
107;22
107;60
107;14
107;28
107;80
107;98
107;74
107;20
107;62
108;76
108;42
108;84
108;67
108;27
108;41
108;56
108;93
108;69
108;4
108;18
108;73
108;73
108;64
108;89
108;66
109;15
109;1
109;54
109;48
109;49
109;64
109;73
109;50
109;33
109;34
109;62
109;70
109;46
109;12
109;70
110;16
110;64
110;45
110;8
110;51
110;68
110;73
110;36
110;16
110;78
110;28
110;93
110;0
110;86
110;79
110;36
110;18
110;59
110;2
110;46
110;42
110;71
111;99
111;77
111;21
111;87
111;42
111;11
111;97
111;26
111;73
111;62
111;15
111;57
111;34
111;28
111;33
111;62
111;13
111;91
111;51
111;30
111;56
111;67
111;15
111;62
111;11
111;40
112;71
112;12
112;34
112;83
112;7
112;30
112;52
112;9
112;78
112;3
112;34
112;11
112;96
112;17
112;30
112;22
112;53
113;29
113;6
113;42
113;32
113;81
113;73
113;42
113;18
113;18
113;34
113;87
113;9
113;68
113;12
113;26
113;8
113;100
113;99
113;78
113;14
113;20
113;94
113;96
113;42
113;30
113;11
114;83
114;86
114;23
114;83
114;80
114;43
114;90
114;93
114;24
114;8
114;95
114;33
114;24
114;73
114;63
114;78
114;65
114;42
114;21
114;14
114;90
114;72
114;77
114;65
114;22
114;25
114;44
114;86
115;52
115;34
115;83
115;95
115;3
115;9
115;1
115;21
115;44
115;54
115;44
115;62
115;32
115;4
116;25
116;2
116;100
116;79
116;23
116;97
116;9
116;97
116;20
116;51
116;23
116;44
116;58
116;64
116;59
117;19
117;61
117;37
117;31
117;60
117;48
117;56
117;64
117;18
117;30
117;36
117;53
117;23
117;56
117;33
117;51
118;26
118;24
118;70
118;89
118;44
118;89
118;4
118;60
118;63
118;28
118;92
118;79
118;51
118;53
118;4
118;70
118;77
119;81
119;84
119;53
119;55
119;43
119;3
119;45
119;16
119;34
119;99
119;96
119;69
119;98
119;90
119;25
119;88
119;79
119;88
120;82
120;69
120;15
120;10
120;17
120;74
120;66
120;99
120;10
120;57
120;12
120;77
120;12
120;83
120;34
120;100
120;54
120;47
121;52
121;4
121;43
121;58
121;11
121;59
121;19
121;74
121;51
121;75
121;82
121;77
121;69
121;20
121;15
121;40
121;90
121;100
121;90
121;60
121;41
121;6
121;82
121;5
121;2
121;45
121;44
121;57
122;52
122;61
122;17
122;86
122;3
122;78
122;85
122;52
122;60
122;59
122;75
123;71
123;73
123;1
123;20
123;13
123;11
123;3
123;63
123;68
123;99
123;11
123;20
123;26
123;82
123;32
123;60
123;84
123;98
123;62
123;83
123;55
123;34
124;54
124;74
124;83
124;23
124;93
124;20
124;34
124;24
124;42
124;5
124;30
124;17
124;0
124;69
124;14
124;99
124;36
124;29
125;68
125;33
125;70
125;69
125;86
125;99
125;82
125;18
125;96
125;50
125;18
125;14
125;3
125;20
125;2
125;22
125;21
125;23
125;75
126;49
126;41
126;68
126;24
126;29
126;30
126;49
126;95
126;94
126;44
126;21
126;12
126;42
126;87
126;6
126;68
126;96
126;9
126;47
127;14
127;26
127;23
127;34
127;24
127;58
127;89
127;72
127;23
127;68
127;34
127;54
127;78
128;68
128;46
128;29
128;20
128;18
128;62
128;28
128;76
128;66
128;97
128;89
128;70
128;80
128;47
128;47
128;46
128;91
128;64
128;96
128;20
128;57
128;65
129;32
129;96
129;70
129;27
129;64
129;12
129;9
129;18
129;67
129;95
129;79
129;58
129;56
129;11
129;82
129;36
129;76
129;71
130;67
130;62
130;88
130;95
130;9
130;75
130;21
130;72
130;40
130;98
130;32
130;69
130;89
130;65
130;74
130;81
130;23
131;92
131;6
131;14
131;49
131;2
131;23
131;97
131;97
131;30
131;67
131;31
131;86
131;80
131;25
131;8
131;15
131;13
131;49
131;82
131;70
131;85
131;67
131;40
131;86
131;96
132;56
132;61
132;72
132;45
132;60
132;46
132;79
132;37
132;51
132;37
132;46
132;86
132;62
132;34
132;68
132;10
132;97
132;6
132;14
132;59
132;74
132;45
132;47
132;98
132;0
133;72
133;98
133;56
133;15
133;60
133;55
133;58
133;38
133;16
133;16
133;84
133;8
133;4
133;86
133;24
133;34
133;71
133;53
133;100
133;87
133;6
133;55
133;58
133;13
133;96
134;43
134;60
134;16
134;73
134;32
134;92
134;28
134;68
134;20
134;27
134;36
134;91
134;18
134;12
134;81
134;73
134;26
135;30
135;69
135;31
135;87
135;98
135;58
135;7
135;48
135;75
135;76
135;94
135;5
135;64
135;83
135;52
135;73
135;2
136;47
136;89
136;5
136;52
136;60
136;31
136;31
136;98
136;99
136;44
136;54
136;23
136;64
136;88
136;62
136;83
136;63
136;55
136;95
136;70
136;26
136;54
136;26
137;62
137;1
137;54
137;68
137;13
137;16
137;37
137;2
137;56
137;75
137;6
137;31
137;96
137;4
137;96
137;58
137;44
137;24
137;25
137;52
137;6
137;60
137;33
138;84
138;20
138;88
138;24
138;63
138;49
138;77
138;21
138;78
138;63
138;34
138;25
138;100
138;97
138;33
138;91
139;76
139;80
139;50
139;29
139;88
139;62
139;44
139;65
139;25
139;87
139;62
139;71
139;4
139;41
139;70
139;100
139;44
139;39
139;99
139;91
139;72
139;34
140;75
140;39
140;30
140;74
140;66
140;72
140;60
140;41
140;94
140;28
140;48
140;35
140;24
140;25
140;42
140;36
140;7
141;71
141;2
141;17
141;13
141;65
141;54
141;73
141;87
141;20
141;57
141;94
141;35
141;88
141;13
142;30
142;54
142;83
142;95
142;90
142;73
142;90
142;29
142;30
142;35
142;42
142;76
142;5
142;34
142;11
142;92
142;8
142;88
143;31
143;0
143;86
143;47
143;14
143;16
143;64
143;2
143;80
143;3
143;20
143;5
143;29
143;2
143;21
144;89
144;16
144;26
144;99
144;22
144;38
144;72
144;38
144;28
144;94
144;10
144;39
144;10
145;25
145;21
145;67
145;77
145;90
145;75
145;15
145;72
145;0
145;11
145;21
145;68
145;75
145;17
145;35
145;82
145;42
145;57
145;53
146;35
146;97
146;11
146;71
146;77
146;58
146;12
146;7
146;58
146;55
146;87
146;85
146;19
146;30
146;70
146;84
146;90
146;33
146;6
146;7
147;39
147;87
147;22
147;93
147;8
147;34
147;24
147;56
147;39
148;66
148;68
148;97
148;95
148;59
148;21
148;65
148;67
148;37
148;32
148;8
148;47
148;55
148;19
148;67
148;30
148;77
148;56
148;88
148;22
148;90
148;5
148;23
148;21
148;31
148;56
148;29
149;89
149;73
149;22
149;15
149;84
149;6
149;48
149;13
149;38
149;43
149;19
149;10
149;23
149;20
149;62
149;7
149;84
149;58
149;90
149;26
149;56
149;6
149;24
149;33
149;61
150;8
150;85
150;37
150;96
150;43
150;15
150;24
150;38
150;17
150;95
150;1
150;81
150;38
150;84
150;23
150;70
150;0
150;91
150;27
150;32
150;56
150;92
150;74
150;47
150;32
150;35
150;54
150;49
151;74
151;62
151;28
151;75
151;75
151;10
151;47
151;50
151;22
151;46
151;58
151;80
151;36
151;77
151;44
151;94
152;96
152;1
152;75
152;61
152;49
152;59
152;25
152;40
152;29
152;54
152;9
152;53
152;84
152;69
152;67
152;70
153;5
153;31
153;76
153;34
153;30
153;31
153;0
153;99
153;74
153;68
153;70
153;100
153;49
153;99
153;0
153;68
153;54
153;28
153;19
153;14
153;80
154;30
154;38
154;14
154;9
154;29
154;94
154;81
154;52
154;8
154;43
154;97
154;76
154;45
154;26
154;38
154;62
154;100
154;65
155;99
155;87
155;76
155;100
155;69
155;50
155;71
155;26
155;80
155;1
155;9
155;86
155;94
155;22
155;64
156;9
156;15
156;74
156;36
156;86
156;72
156;30
156;50
156;5
156;1
156;33
156;53
156;52
156;85
156;63
156;20
156;27
156;68
156;22
156;30
156;59
157;10
157;37
157;74
157;38
157;83
157;39
157;95
157;55
157;1
157;79
157;0
157;29
157;13
157;40
157;2
157;59
157;52
157;87
157;0
157;66
157;74
157;12
157;86
157;49
157;13
157;85
157;42
158;31
158;79
158;88
158;30
158;3
158;91
158;83
158;65
158;69
158;32
158;0
158;79
158;13
158;51
158;14
158;17
158;33
158;70
159;99
159;4
159;16
159;86
159;82
159;27
159;57
159;60
159;70
159;28
159;92
159;72
159;67
159;31
159;12
159;54
159;77
159;51
159;6
159;66
159;74
159;12
159;37
159;75
159;39
159;54
159;89
159;96
160;81
160;99
160;80
160;96
160;70
160;45
160;47
160;83
160;72
160;35
160;2
160;51
160;52
160;39
160;57
160;69
160;88
160;75
160;100
161;37
161;2
161;73
161;85
161;10
161;89
161;19
161;82
161;6
161;36
161;90
161;0
161;82
161;25
161;46
161;60
161;22
161;45
161;70
161;25
161;18
161;100
162;80
162;85
162;32
162;53
162;18
162;10
162;29
162;27
162;84
162;55
162;9
162;21
162;48
162;63
162;92
162;26
162;35
162;6
162;60
163;38
163;21
163;43
163;46
163;92
163;100
163;60
163;48
163;47
163;63
163;16
163;42
163;15
163;23
163;13
163;76
163;61
163;21
163;82
163;7
163;77
164;62
164;26
164;32
164;27
164;56
164;19
164;50
164;2
164;84
164;35
164;14
164;19
164;10
164;25
164;71
164;19
164;65
164;85
164;57
164;29
164;12
164;20
164;26
165;15
165;68
165;82
165;79
165;67
165;8
165;42
165;21
165;61
165;7
165;95
165;79
165;38
165;25
165;58
165;64
165;56
166;45
166;36
166;63
166;65
166;65
166;24
166;93
166;49
166;16
166;22
166;62
166;17
166;15
166;65
166;78
166;59
166;61
167;74
167;25
167;60
167;28
167;30
167;6
167;47
167;46
167;37
167;97
167;35
167;37
167;73
167;16
167;4
167;85
167;31
167;15
167;82
167;62
168;33
168;16
168;87
168;31
168;82
168;83
168;52
168;99
168;10
168;13
168;99
168;85
168;74
168;38
169;99
169;55
169;68
169;39
169;49
169;100
169;86
169;96
169;48
169;100
169;15
169;69
169;64
169;0
169;79
169;23
169;15
169;70
169;33
169;23
169;7
169;8
169;29
170;58
170;17
170;5
170;49
170;13
170;87
170;52
170;94
170;2
170;99
170;34
170;30
170;52
170;34
170;77
171;45
171;9
171;48
171;22
171;57
171;46
171;72
171;4
171;72
171;28
171;50
171;9
171;0
171;23
171;46
172;57
172;77
172;13
172;30
172;1
172;78
172;49
172;99
172;29
172;39
172;34
172;41
172;31
172;77
172;79
172;32
172;56
172;77
172;42
172;78
172;11
172;31
172;42
172;48
173;42
173;93
173;87
173;96
173;19
173;86
173;4
173;84
173;42
173;83
173;77
173;38
173;71
173;16
173;21
173;79
173;59
173;86
174;45
174;26
174;85
174;9
174;70
174;94
174;12
174;23
174;100
174;42
174;14
174;96
174;86
174;45
174;94
174;20
174;53
174;31
174;72
174;7
174;9
174;33
174;87
174;44
175;22
175;76
175;39
175;56
175;55
175;27
175;92
175;92
175;4
175;22
175;77
176;6
176;18
176;96
176;30
176;53
176;97
176;12
176;69
176;44
176;70
176;85
176;19
176;51
176;47
176;77
176;50
176;20
176;15
176;55
176;9
177;89
177;82
177;66
177;55
177;0
177;33
177;69
177;6
177;68
177;84
177;77
177;55
177;44
177;60
177;87
177;77
177;17
177;50
177;18
177;64
177;82
177;17
177;89
177;11
177;48
178;88
178;31
178;1
178;70
178;9
178;91
178;85
178;10
178;78
178;26
178;94
178;70
178;92
178;53
178;96
178;41
178;24
178;24
178;34
178;61
178;87
178;25
178;28
178;73
178;65
178;59
178;57
179;9
179;84
179;77
179;7
179;90
179;24
179;10
179;6
179;75
179;58
179;40
179;46
179;6
179;4
179;7
179;62
179;62
179;22
179;25
179;70
179;44
180;13
180;91
180;8
180;31
180;88
180;78
180;75
180;23
180;76
180;55
180;47
180;95
180;50
180;92
180;17
180;35
180;20
180;36
180;29
180;25
180;24
180;59
180;83
180;89
180;29
181;62
181;62
181;75
181;83
181;73
181;99
181;76
181;62
181;94
181;90
181;35
181;38
181;96
181;70
181;84
181;40
181;78
181;41
181;78
182;25
182;96
182;23
182;9
182;16
182;69
182;90
182;59
182;27
182;67
182;87
182;68
182;11
182;22
182;31
182;85
182;38
182;90
182;51
183;82
183;24
183;98
183;90
183;97
183;94
183;98
183;80
183;39
183;45
183;14
183;30
183;84
183;71
183;95
183;91
183;87
183;33
184;96
184;79
184;10
184;14
184;18
184;96
184;28
184;50
184;66
184;32
184;8
184;37
184;31
184;65
184;99
184;33
184;62
184;21
184;77
184;65
185;27
185;86
185;23
185;32
185;54
185;20
185;74
185;25
185;29
185;70
185;31
185;44
185;22
185;9
185;44
185;75
185;53
185;63
185;95
185;89
185;86
185;87
185;82
185;30
185;27
185;13
185;41
185;7
185;31
186;27
186;30
186;90
186;86
186;36
186;99
186;92
186;21
186;73
186;25
186;67
186;37
186;94
186;40
186;84
186;50
187;83
187;86
187;78
187;63
187;89
187;92
187;34
187;65
187;86
187;71
187;42
187;23
187;57
187;90
187;86
187;66
187;29
187;24
187;60
187;60
187;26
187;38
187;14
187;6
187;62
188;35
188;20
188;20
188;88
188;65
188;35
188;53
188;97
188;32
188;6
188;27
188;48
188;44
188;87
188;45
188;36
188;0
188;66
188;12
188;57
188;30
188;94
188;38
189;37
189;1
189;77
189;33
189;23
189;9
189;14
189;33
189;51
189;24
189;34
189;2
189;35
189;88
189;68
189;79
189;41
189;65
190;82
190;3
190;76
190;27
190;3
190;91
190;49
190;61
190;18
190;90
190;76
190;53
190;35
190;94
190;52
190;9
190;5
190;1
191;31
191;73
191;47
191;47
191;26
191;46
191;10
191;3
191;41
191;60
191;9
191;89
191;76
191;57
191;71
191;92
191;32
192;66
192;62
192;37
192;87
192;78
192;8
192;17
192;36
192;15
192;78
192;62
192;68
192;66
192;57
192;34
192;13
192;16
192;60
192;7
193;0
193;88
193;38
193;17
193;68
193;40
193;80
193;85
193;49
193;60
193;21
193;73
193;7
193;87
193;64
193;29
193;53
194;79
194;57
194;54
194;35
194;80
194;21
194;7
194;1
194;43
194;79
194;19
194;4
194;56
194;23
194;42
194;96
194;46
194;26
194;34
194;18
194;50
194;98
194;34
194;49
195;75
195;96
195;81
195;84
195;6
195;68
195;99
195;89
195;87
195;69
195;8
195;1
195;30
195;79
195;63
195;10
195;90
195;38
195;9
195;87
195;48
195;7
195;64
196;54
196;52
196;86
196;75
196;2
196;76
196;34
196;68
196;55
196;83
196;63
196;95
196;13
196;95
197;36
197;29
197;71
197;8
197;75
197;24
197;10
197;51
197;70
197;89
197;42
197;46
197;20
197;9
197;57
197;92
197;85
197;7
197;73
197;22
197;76
197;59
197;92
197;0
197;13
197;66
197;54
197;63
197;66
198;50
198;17
198;48
198;85
198;3
198;58
198;32
198;89
198;25
198;78
198;76
199;0
199;27
199;53
199;62
199;96
199;33
199;85
199;99
199;50
199;48
199;68
199;90
199;12
199;11
199;36
199;87
199;53
199;84
199;28
199;38
199;23
199;91
200;73
200;46
200;64
200;80
200;30
200;7
200;11
200;2
200;87
200;34
200;38
200;4
200;61
200;78
200;86
200;20
200;70
200;90
200;72
200;51
200;34
200;27
201;12
201;76
201;18
201;93
201;97
201;63
201;77
201;81
201;22
201;78
201;12
201;75
201;22
201;95
201;13
201;8
201;59
201;34
201;76
201;17
201;69
201;0
201;8
202;41
202;30
202;25
202;88
202;65
202;91
202;70
202;96
202;11
202;98
202;77
202;22
202;2
202;73
202;14
202;50
202;11
202;19
202;95
202;88
202;75
203;75
203;74
203;75
203;69
203;15
203;75
203;58
203;91
203;95
203;86
203;82
203;21
203;32
203;55
203;25
203;61
203;31
203;24
203;21
203;83
203;31
203;48
203;66
203;97
203;20
203;47
203;56
203;60
204;25
204;56
204;3
204;36
204;79
204;99
204;14
204;33
204;64
204;63
204;50
204;76
204;56
204;66
204;23
204;32
204;14
204;51
204;3
204;77
204;7
205;32
205;18
205;63
205;47
205;92
205;55
205;81
205;20
205;70
205;92
205;64
205;94
205;80
205;28
205;93
205;18
205;64
206;80
206;15
206;11
206;5
206;81
206;82
206;100
206;89
206;66
206;57
206;55
206;72
206;29
206;52
206;58
206;33
206;58
206;85
206;97
206;76
206;72
206;54
206;96
206;49
206;74
206;32
207;1
207;76
207;87
207;72
207;41
207;49
207;97
207;23
207;41
207;71
207;30
207;24
208;27
208;19
208;87
208;16
208;40
208;29
208;22
208;34
208;63
208;45
208;77
208;41
208;44
208;73
209;47
209;42
209;52
209;17
209;58
209;39
209;87
209;100
209;20
209;76
209;94
209;74
209;20
209;66
209;20
209;77
209;55
209;29
209;47
209;46
209;56
209;22
209;13
209;58
210;13
210;95
210;72
210;11
210;28
210;59
210;49
210;56
210;40
210;33
210;92
210;44
210;10
210;73
210;44
210;7
210;56
210;96
210;44
210;94
210;2
210;86
210;5
211;66
211;31
211;17
211;66
211;7
211;19
211;66
211;13
211;62
211;61
211;96
211;33
211;17
211;72
211;11
211;12
211;83
211;75
212;87
212;10
212;69
212;21
212;13
212;15
212;72
212;53
212;62
212;49
212;65
212;77
212;89
212;83
212;40
212;20
212;81
212;23
212;33
212;43
212;16
212;14
212;84
212;41
212;86
212;6
212;98
212;76
212;23
212;29
212;63
212;44
213;51
213;9
213;88
213;55
213;19
213;13
213;6
213;13
213;98
213;36
213;20
213;89
213;47
213;53
213;28
213;5
213;55
213;85
213;27
214;40
214;18
214;4
214;54
214;87
214;91
214;47
214;59
214;25
214;98
214;16
214;72
214;78
214;50
214;17
214;9
214;32
214;42
214;39
214;64
214;80
215;71
215;0
215;71
215;72
215;54
215;78
215;98
215;41
215;80
215;45
215;28
215;63
215;57
215;84
215;79
216;52
216;94
216;24
216;59
216;10
216;7
216;81
216;58
216;68
216;59
216;71
216;81
216;72
216;45
216;41
216;83
216;32
216;82
216;0
217;95
217;30
217;61
217;58
217;43
217;75
217;61
217;84
217;55
217;97
217;16
217;62
217;32
217;90
217;11
217;88
217;44
218;44
218;6
218;98
218;38
218;56
218;57
218;1
218;48
218;88
218;65
218;10
218;85
218;43
218;46
218;4
218;46
218;24
218;4
218;88
218;86
218;64
218;4
218;19
218;53
218;64
218;88
219;78
219;6
219;28
219;85
219;65
219;77
219;58
219;70
219;95
219;66
219;44
219;17
219;8
219;98
219;61
219;68
219;49
219;5
219;89
219;99
219;13
219;57
219;67
219;2
219;60
219;33
219;24
219;50
219;15
219;27
219;91
219;76
219;54
219;63
220;20
220;91
220;28
220;9
220;68
220;65
220;14
220;31
220;53
220;54
220;89
220;1
220;41
220;8
220;18
220;40
220;96
221;28
221;83
221;8
221;52
221;30
221;4
221;35
221;100
221;73
221;83
221;66
221;20
221;36
221;76
221;13
221;30
222;22
222;12
222;9
222;63
222;87
222;58
222;50
222;5
222;94
222;42
222;24
222;38
222;62
222;64
223;40
223;23
223;27
223;49
223;82
223;15
223;76
223;44
223;79
223;82
223;42
223;19
223;50
223;73
223;16
223;5
223;68
223;41
223;33
223;4
224;29
224;54
224;34
224;56
224;7
224;36
224;40
224;80
224;90
224;99
224;35
224;16
224;33
224;16
224;15
224;93
224;72
224;88
224;40
224;90
224;4
224;91
225;96
225;63
225;50
225;39
225;75
225;32
225;2
225;93
225;57
225;47
225;99
225;70
225;39
225;64
225;73
225;23
225;34
225;83
225;13
225;9
225;96
225;77
225;41
225;31
225;76
225;34
226;38
226;91
226;25
226;10
226;75
226;48
226;42
226;15
226;39
226;20
226;41
227;27
227;35
227;71
227;19
227;47
227;70
227;40
227;44
227;11
227;62
227;89
227;42
227;81
227;54
227;83
227;27
227;91
227;98
227;0
227;1
227;53
228;21
228;28
228;69
228;82
228;11
228;34
228;15
228;19
228;40
228;88
228;54
228;52
228;65
228;49
228;44
228;98
228;14
228;81
228;40
229;16
229;34
229;39
229;28
229;79
229;45
229;34
229;19
229;70
229;70
229;42
229;36
229;96
229;26
230;0
230;83
230;97
230;13
230;2
230;43
230;74
230;19
230;9
230;31
230;44
230;8
230;70
230;99
230;46
230;95
231;39
231;29
231;84
231;96
231;33
231;21
231;3
231;8
231;92
231;71
231;70
231;25
231;9
231;88
231;48
232;97
232;72
232;66
232;64
232;87
232;64
232;66
232;38
232;43
232;42
232;38
232;82
232;32
232;10
232;45
232;97
232;26
232;74
232;24
232;92
232;82
233;11
233;48
233;70
233;19
233;97
233;39
233;16
233;65
233;75
233;48
233;42
233;24
233;37
233;6
233;23
234;29
234;97
234;70
234;71
234;44
234;67
234;6
234;58
234;88
234;16
234;57
234;45
234;6
234;41
234;81
234;76
234;3
234;10
234;94
234;99
234;85
234;58
234;97
234;0
234;73
234;76
235;72
235;57
235;46
235;69
235;37
235;90
235;27
235;20
235;28
235;27
235;60
235;65
235;35
235;17
235;93
235;16
235;49
235;14
235;80
236;100
236;19
236;51
236;8
236;74
236;76
236;74
236;85
236;99
236;12
236;95
236;74
236;99
236;93
236;0
237;60
237;61
237;91
237;56
237;97
237;57
237;33
237;96
237;72
237;78
237;26
237;81
237;85
237;81
237;24
237;37
237;34
237;55
238;77
238;60
238;44
238;52
238;73
238;78
238;4
238;39
238;6
238;90
238;84
238;72
238;23
238;45
238;75
238;65
238;58
238;62
238;32
238;26
238;62
239;68
239;14
239;12
239;22
239;50
239;44
239;44
239;22
239;89
239;13
239;3
239;94
239;66
239;97
239;92
239;66
239;84
239;4
239;65
239;38
239;18
239;76
240;55
240;70
240;95
240;50
240;91
240;15
240;88
240;69
240;20
240;62
240;99
240;57
240;50
240;11
240;98
240;73
240;11
240;82
240;57
240;59
240;37
240;85
240;13
241;55
241;71
241;95
241;9
241;11
241;76
241;63
241;6
241;91
241;12
241;65
241;90
241;70
241;94
241;58
241;56
241;22
241;50
241;22
241;5
241;56
241;79
241;80
242;81
242;10
242;21
242;83
242;62
242;37
242;62
242;14
242;49
242;74
242;79
242;43
242;39
242;1
242;1
242;90
242;57
242;7
242;53
242;65
242;19
242;46
242;20
242;55
243;89
243;81
243;36
243;91
243;94
243;100
243;83
243;98
243;55
243;65
243;22
243;60
243;45
243;14
243;63
243;88
244;22
244;49
244;3
244;86
244;39
244;50
244;60
244;56
244;32
244;23
244;21
244;68
244;99
244;0
244;30
244;70
244;28
244;2
245;85
245;99
245;9
245;75
245;19
245;43
245;43
245;88
245;33
245;63
245;4
245;56
245;25
245;21
245;51
245;46
245;98
245;55
245;88
245;19
245;67
246;55
246;74
246;30
246;11
246;13
246;42
246;66
246;27
246;88
246;2
246;36
246;79
246;46
246;92
246;94
246;81
246;21
247;10
247;60
247;76
247;21
247;15
247;34
247;6
247;8
247;92
247;94
247;25
247;70
247;34
247;78
247;54
248;78
248;33
248;98
248;23
248;98
248;85
248;98
248;52
248;21
248;91
248;14
248;86
248;87
248;5
248;75
248;64
248;41
248;87
248;6
248;68
248;55
249;62
249;74
249;71
249;87
249;13
249;85
249;49
249;93
249;64
249;88
249;31
249;82
249;99
249;94
249;23
249;97
249;44
250;32
250;99
250;26
250;50
250;70
250;92
250;71
250;74
250;67
250;34
250;17
250;38
250;42
250;92
250;48
250;54
250;55
250;77
251;13
251;51
251;88
251;9
251;62
251;21
251;44
251;56
251;21
251;64
251;18
251;39
251;51
251;5
251;73
251;28
251;19
251;93
251;4
251;100
251;54
251;30
251;38
252;22
252;54
252;36
252;53
252;78
252;57
252;6
252;19
252;99
252;24
252;38
252;59
252;71
252;35
252;81
252;91
252;47
252;86
252;78
252;17
253;58
253;58
253;87
253;33
253;88
253;33
253;54
253;8
253;74
253;34
253;43
253;73
253;21
253;34
253;25
253;57
254;61
254;66
254;32
254;6
254;8
254;65
254;26
254;52
254;98
254;63
254;59
254;34
254;61
254;45
254;14
254;68
254;75
254;44
254;26
254;48
254;5
254;58
254;79
254;79
254;78
255;91
255;68
255;36
255;93
255;43
255;98
255;98
255;64
255;32
255;77
255;8
255;90
255;44
255;73
255;11
255;19
255;97
256;94
256;68
256;40
256;41
256;14
256;35
256;63
256;45
256;36
256;38
256;62
256;93
256;5
256;79
256;78
256;60
256;1
256;82
256;34
256;24
256;56
256;13
256;73
256;37
256;31
256;65
256;75
256;81
257;17
257;31
257;19
257;60
257;73
257;54
257;73
257;34
257;25
257;13
257;48
257;45
257;20
257;21
257;64
257;74
257;95
257;62
257;73
257;66
257;70
257;69
257;69
257;84
257;73
257;98
257;49
257;12
257;61
257;51
257;0
258;12
258;55
258;25
258;58
258;46
258;51
258;37
258;55
258;56
258;51
258;95
258;63
258;95
258;8
258;21
258;9
258;52
259;57
259;75
259;46
259;30
259;73
259;82
259;43
259;87
259;40
259;80
259;2
259;10
259;1
259;73
259;44
259;55
259;35
259;100
259;52
259;21
259;69
259;94
259;15
259;57
259;71
259;59
259;83
260;26
260;4
260;16
260;35
260;32
260;61
260;82
260;2
260;85
260;64
260;21
260;95
260;56
260;38
260;99
260;12
260;28
260;91
260;76
260;69
260;3
261;98
261;7
261;75
261;21
261;11
261;28
261;4
261;61
261;47
261;8
261;63
261;12
261;75
261;68
261;67
261;55
261;3
262;23
262;21
262;24
262;95
262;100
262;8
262;13
262;67
262;71
262;1
262;43
262;91
262;88
262;24
262;32
263;15
263;74
263;91
263;23
263;43
263;12
263;90
263;27
263;34
263;16
263;65
263;97
263;17
263;48
263;6
263;57
263;59
263;48
264;83
264;2
264;22
264;69
264;39
264;7
264;63
264;1
264;74
264;84
264;97
264;86
264;23
264;56
264;49
264;86
264;18
264;68
264;78
264;100
264;58
265;6
265;18
265;76
265;41
265;39
265;16
265;18
265;100
265;40
265;62
265;23
265;60
265;83
265;94
265;92
265;83
265;28
265;40
265;77
265;31
266;30
266;84
266;89
266;43
266;19
266;90
266;43
266;16
266;39
266;97
266;99
266;61
266;70
266;24
266;72
266;85
266;15
266;39
266;43
266;1
266;44
266;58
266;89
266;91
266;77
266;28
266;92
266;10
267;57
267;77
267;30
267;5
267;86
267;8
267;79
267;86
267;44
267;59
267;82
267;97
267;28
267;95
267;48
267;53
267;33
267;86
267;25
267;12
267;57
267;25
267;73
268;28
268;87
268;68
268;69
268;15
268;13
268;95
268;68
268;55
268;37
268;40
268;55
268;87
268;34
268;19
268;63
268;79
268;69
268;82
268;39
268;21
268;100
268;4
268;90
268;76
269;0
269;91
269;53
269;48
269;50
269;62
269;58
269;80
269;12
269;69
269;47
269;64
269;70
269;44
269;63
269;18
269;88
269;91
269;2
269;2
269;20
270;50
270;30
270;81
270;100
270;17
270;37
270;21
270;12
270;59
270;63
270;11
270;15
270;93
270;91
270;75
270;52
270;61
270;89
270;76
270;26
270;99
270;66
271;92
271;72
271;0
271;33
271;62
271;47
271;31
271;96
271;14
271;65
271;95
271;0
271;18
271;80
271;52
271;27
272;85
272;62
272;29
272;65
272;84
272;52
272;9
272;16
272;40
272;24
272;21
272;81
272;67
272;81
272;69
272;76
273;71
273;37
273;90
273;45
273;3
273;8
273;48
273;4
273;83
273;78
273;90
273;33
273;77
273;61
273;77
273;93
273;35
273;95
273;49
273;70
274;65
274;8
274;69
274;37
274;34
274;72
274;10
274;87
274;47
274;64
274;68
274;40
274;23
274;0
274;3
274;10
275;2
275;51
275;39
275;11
275;92
275;60
275;35
275;55
275;42
275;14
275;24
275;97
275;84
275;12
275;16
275;94
275;54
276;9
276;48
276;84
276;37
276;61
276;17
276;87
276;40
276;3
276;79
276;29
276;87
276;1
276;95
276;85
276;36
276;92
276;32
276;75
276;24
276;27
276;31
276;56
276;52
276;48
277;33
277;20
277;46
277;14
277;86
277;70
277;42
277;31
277;44
277;64
277;88
277;38
277;94
277;47
277;28
277;80
277;72
277;50
277;62
278;7
278;81
278;73
278;16
278;50
278;84
278;40
278;3
278;83
278;1
278;25
278;23
278;43
278;61
278;35
278;13
278;7
278;1
278;100
278;9
278;61
278;2
279;28
279;64
279;65
279;28
279;93
279;7
279;8
279;50
279;4
279;8
279;16
279;87
279;91
279;94
279;9
279;14
279;50
279;54
279;89
279;18
279;100
279;76
279;37
279;37
279;1
279;59
280;39
280;13
280;50
280;46
280;54
280;3
280;40
280;12
280;30
280;11
280;48
280;73
280;47
280;11
280;36
280;83
280;71
280;95
280;99
280;18
280;94
280;57
280;55
281;36
281;49
281;38
281;58
281;23
281;7
281;97
281;70
281;86
281;81
281;11
281;88
281;81
281;98
281;71
281;54
281;28
281;92
281;35
281;46
281;46
281;49
281;12
282;78
282;12
282;46
282;85
282;12
282;96
282;13
282;3
282;45
282;81
282;72
282;50
282;2
282;67
282;14
282;26
282;44
282;23
282;25
282;73
282;54
282;61
282;75
282;17
282;71
282;58
282;74
282;0
282;64
283;9
283;14
283;8
283;90
283;89
283;40
283;91
283;4
283;59
283;44
283;64
283;17
284;35
284;2
284;22
284;40
284;60
284;90
284;8
284;73
284;99
284;32
284;68
284;55
284;14
284;12
284;92
284;15
284;66
284;73
284;86
284;54
284;14
285;81
285;41
285;75
285;43
285;96
285;30
285;20
285;27
285;96
285;37
285;23
285;30
285;38
285;78
285;12
285;54
285;30
285;61
286;42
286;71
286;28
286;28
286;54
286;73
286;38
286;53
286;13
286;19
286;82
286;79
286;28
286;78
286;90
286;31
286;60
286;21
286;56
286;16
287;85
287;90
287;73
287;1
287;5
287;59
287;55
287;66
287;51
287;76
287;46
287;77
287;83
287;100
287;6
287;55
287;18
287;95
287;87
287;97
287;12
287;35
287;15
287;21
287;33
287;45
287;96
288;38
288;72
288;15
288;97
288;21
288;91
288;66
288;76
288;15
288;55
288;50
288;67
288;84
288;38
288;40
288;29
288;87
288;31
288;21
288;7
288;83
288;34
288;29
288;20
289;8
289;40
289;2
289;48
289;28
289;56
289;15
289;39
289;95
289;96
289;74
289;42
289;83
289;93
289;28
289;41
289;26
290;76
290;30
290;43
290;5
290;3
290;85
290;22
290;70
290;1
290;17
290;10
290;23
290;30
290;24
290;30
290;89
290;64
290;92
291;1
291;94
291;46
291;48
291;79
291;3
291;65
291;33
291;10
291;37
291;98
291;19
291;56
291;45
291;61
292;38
292;15
292;37
292;38
292;97
292;56
292;40
292;12
292;57
292;22
292;36
292;75
292;9
292;55
292;51
292;58
292;61
292;81
292;33
292;41
292;18
292;53
292;31
292;18
292;59
292;53
293;91
293;62
293;9
293;73
293;32
293;48
293;87
293;60
293;10
293;72
293;11
293;2
293;55
293;88
293;18
293;80
293;25
293;70
293;53
293;99
293;88
293;54
293;13
293;43
293;45
293;39
293;84
293;99
293;79
293;44
294;7
294;52
294;95
294;32
294;22
294;9
294;13
294;97
294;48
294;37
294;22
294;55
294;69
295;26
295;43
295;82
295;100
295;52
295;83
295;76
295;73
295;20
295;69
295;100
295;6
295;76
295;61
295;55
295;42
295;64
295;77
295;14
295;32
295;11
295;91
296;39
296;60
296;35
296;78
296;59
296;99
296;70
296;31
296;59
296;5
296;55
296;53
296;51
296;69
296;86
296;70
297;35
297;98
297;2
297;51
297;20
297;94
297;76
297;99
297;54
297;30
297;20
297;27
297;36
297;49
297;27
297;56
297;4
297;41
297;84
298;21
298;1
298;57
298;56
298;17
298;62
298;99
298;76
298;84
298;33
298;86
298;59
298;85
298;58
298;71
298;96
298;60
298;16
298;13
299;15
299;40
299;93
299;95
299;65
299;60
299;92
299;70
299;53
299;41
299;33
299;40
299;81
299;0
299;37
299;87
299;34
299;25
299;12
300;16
300;5
300;67
300;27
300;75
300;62
300;47
300;31
300;15
300;1
300;16
300;52
300;51
300;36
301;51
301;37
301;58
301;0
301;57
301;88
301;73
301;3
301;97
301;73
301;43
301;88
301;43
301;24
301;52
301;99
301;19
301;46
301;1
301;85
301;29
301;1
301;26
301;25
301;88
301;46
301;20
301;2
301;52
301;69
301;5
302;80
302;21
302;84
302;37
302;19
302;69
302;63
302;76
302;42
302;8
302;11
302;42
302;5
302;83
302;56
302;56
302;37
302;0
302;31
302;45
302;41
302;27
302;92
302;88
302;51
302;76
302;33
303;64
303;43
303;11
303;89
303;43
303;60
303;83
303;100
303;33
303;29
303;25
303;61
303;34
303;50
303;74
303;77
303;20
303;0
303;22
303;93
303;49
303;71
304;8
304;46
304;36
304;45
304;74
304;13
304;57
304;52
304;57
304;57
304;13
304;17
304;36
304;85
304;72
304;13
304;40
304;41
304;93
304;87
304;43
304;66
304;73
304;21
304;94
304;56
304;45
304;59
304;3
304;100
305;95
305;61
305;72
305;6
305;24
305;66
305;84
305;59
305;71
305;20
305;57
305;10
305;67
305;71
305;67
305;6
305;90
305;2
305;81
305;9
305;82
305;33
305;34
305;19
305;48
306;43
306;9
306;0
306;58
306;40
306;40
306;13
306;66
306;32
306;57
306;51
306;81
306;74
306;39
306;12
306;84
306;29
306;59
306;52
306;21
306;20
307;74
307;2
307;14
307;31
307;79
307;2
307;99
307;87
307;90
307;46
307;31
307;96
307;80
307;76
307;5
307;1
307;77
307;36
307;94
307;0
307;53
307;61
308;61
308;71
308;68
308;34
308;25
308;42
308;27
308;39
308;28
308;86
308;29
308;9
308;19
308;14
308;36
308;32
308;75
308;89
308;52
308;24
309;26
309;33
309;71
309;35
309;50
309;66
309;59
309;62
309;27
309;6
309;91
309;59
309;17
309;71
309;91
309;65
309;85
309;31
309;60
309;36
310;43
310;92
310;98
310;3
310;7
310;47
310;77
310;19
310;94
310;50
310;58
310;96
310;75
310;35
310;24
310;53
310;85
310;25
310;90
310;3
310;78
310;55
310;88
311;7
311;84
311;55
311;57
311;21
311;7
311;30
311;36
311;65
311;100
311;30
311;57
311;25
311;82
311;72
311;73
311;73
311;12
311;14
311;52
311;83
311;50
311;59
311;81
311;46
311;88
311;57
311;59
312;51
312;85
312;46
312;45
312;89
312;34
312;3
312;10
312;22
312;88
312;2
312;0
312;55
312;98
312;60
312;70
312;100
312;30
312;26
312;36
312;3
313;85
313;55
313;24
313;96
313;71
313;11
313;83
313;70
313;63
313;54
313;59
313;28
313;91
313;81
313;49
313;92
313;20
313;33
313;17
313;55
313;96
313;22
313;88
314;39
314;6
314;97
314;57
314;34
314;79
314;80
314;95
314;21
314;77
314;85
314;33
314;4
314;14
314;14
314;53
314;55
314;62
314;69
314;77
314;95
315;35
315;21
315;82
315;20
315;51
315;51
315;80
315;57
315;95
315;49
315;82
315;10
315;26
315;65
315;57
315;24
315;67
315;0
315;2
315;18
315;36
315;68
315;47
315;42
315;24
316;41
316;57
316;64
316;78
316;97
316;96
316;95
316;72
316;51
316;10
316;98
316;70
316;84
317;0
317;55
317;5
317;75
317;57
317;17
317;84
317;2
317;3
317;3
317;1
317;29
317;74
317;70
317;25
317;82
317;89
317;30
317;3
317;15
317;41
317;95
317;46
317;70
317;91
317;24
317;95
318;13
318;26
318;32
318;31
318;84
318;23
318;76
318;43
318;17
318;73
318;3
318;70
318;54
318;88
318;94
318;85
319;35
319;55
319;5
319;16
319;46
319;84
319;44
319;73
319;54
319;23
319;73
319;75
319;69
319;55
319;4
319;77
319;42
319;26
319;29
319;1
319;40
319;45
319;62
319;87
319;18
319;31
319;54
319;70
319;55
320;100
320;12
320;31
320;40
320;13
320;56
320;44
320;41
320;42
320;87
320;1
320;8
320;22
320;38
320;20
320;7
320;91
320;92
321;99
321;71
321;33
321;56
321;19
321;25
321;47
321;35
321;73
321;48
321;68
321;89
321;99
322;90
322;83
322;93
322;30
322;82
322;71
322;88
322;53
322;13
322;47
322;86
322;1
322;66
322;98
322;62
322;16
322;65
322;74
322;3
322;39
322;26
322;31
322;56
322;72
323;31
323;84
323;14
323;52
323;90
323;99
323;9
323;70
323;31
323;20
323;44
323;52
323;88
323;1
323;83
323;56
323;2
323;9
323;47
323;97
323;58
323;7
324;2
324;24
324;79
324;26
324;60
324;78
324;16
324;79
324;36
324;98
324;6
324;71
324;14
324;56
324;80
324;36
324;80
324;25
324;42
324;2
324;89
325;91
325;41
325;68
325;98
325;10
325;61
325;12
325;86
325;14
325;76
325;17
325;18
325;11
325;1
325;11
325;29
325;51
326;86
326;66
326;2
326;89
326;47
326;93
326;12
326;97
326;1
326;8
326;31
326;59
326;36
326;14
326;9
327;40
327;15
327;50
327;66
327;41
327;0
327;14
327;70
327;33
327;5
327;51
327;56
327;2
327;46
327;28
327;25
327;49
327;59
327;43
327;63
328;35
328;31
328;63
328;8
328;47
328;68
328;57
328;38
328;45
328;75
328;57
328;78
328;36
328;80
328;61
328;77
328;30
328;65
328;70
329;26
329;51
329;34
329;90
329;28
329;38
329;28
329;31
329;19
329;47
329;26
329;31
329;10
330;86
330;95
330;29
330;17
330;66
330;96
330;57
330;32
330;4
330;57
330;1
330;1
330;27
330;42
330;35
330;57
330;33
330;44
330;81
330;74
330;2
330;42
330;91
330;1
331;70
331;3
331;62
331;55
331;3
331;38
331;15
331;91
331;92
331;6
331;28
331;96
331;28
331;22
331;77
331;15
331;62
331;84
331;75
331;92
331;26
331;61
331;18
331;77
332;42
332;66
332;47
332;65
332;23
332;97
332;58
332;18
332;1
332;94
332;10
332;91
332;86
332;66
332;99
332;71
332;73
333;79
333;93
333;25
333;100
333;11
333;9
333;87
333;80
333;33
333;62
333;19
333;50
333;57
333;52
333;96
333;56
333;62
333;6
333;19
333;95
333;12
333;70
333;64
333;26
333;2
333;19
333;27
334;32
334;92
334;24
334;12
334;90
334;61
334;17
334;75
334;23
334;4
334;36
334;94
334;67
334;89
334;62
334;72
335;90
335;37
335;12
335;52
335;20
335;11
335;5
335;58
335;23
335;4
335;94
335;84
335;76
335;57
335;12
335;70
335;33
335;66
335;68
335;39
336;89
336;14
336;75
336;35
336;45
336;77
336;73
336;80
336;66
336;41
336;58
336;0
336;64
336;41
336;44
336;16
336;42
336;98
336;37
336;37
336;37
336;85
337;48
337;32
337;10
337;72
337;92
337;80
337;59
337;67
337;39
337;16
337;16
337;43
337;1
337;4
337;72
338;74
338;8
338;11
338;49
338;7
338;75
338;32
338;14
338;48
338;63
338;98
338;52
338;67
338;46
338;3
338;96
338;14
338;24
338;31
338;23
339;68
339;97
339;16
339;92
339;21
339;25
339;42
339;100
339;93
339;68
339;72
339;82
339;58
339;91
339;50
339;83
339;95
339;27
339;32
339;14
339;38
339;100
339;39
340;6
340;35
340;40
340;88
340;38
340;85
340;57
340;69
340;5
340;92
340;12
340;26
340;86
340;77
340;26
341;72
341;32
341;76
341;9
341;51
341;57
341;41
341;76
341;62
341;55
341;34
341;10
341;98
341;10
341;2
341;46
341;57
341;17
341;52
341;63
342;64
342;23
342;40
342;47
342;31
342;69
342;68
342;17
342;26
342;99
342;55
342;47
342;30
342;96
342;83
342;84
342;52
342;8
343;88
343;73
343;90
343;22
343;61
343;25
343;2
343;3
343;77
343;33
343;5
343;33
343;15
343;13
343;5
343;19
343;23
343;65
343;13
343;99
343;48
343;0
343;99
343;39
343;31
343;56
344;48
344;64
344;94
344;89
344;24
344;7
344;21
344;94
344;23
344;68
344;84
344;22
344;87
344;34
344;26
345;53
345;5
345;17
345;4
345;16
345;21
345;38
345;24
345;4
345;23
345;76
345;42
345;14
345;70
345;60
345;26
345;2
345;30
345;34
345;54
345;13
345;74
345;43
346;25
346;59
346;64
346;26
346;56
346;65
346;23
346;29
346;25
346;59
346;44
346;32
346;14
346;64
346;13
347;32
347;18
347;47
347;39
347;18
347;59
347;4
347;11
347;75
347;27
347;31
347;32
347;6
347;25
347;82
347;98
347;58
347;37
347;11
347;66
347;24
347;65
347;83
347;74
347;36
347;67
347;34
347;49
347;97
348;38
348;37
348;16
348;48
348;75
348;12
348;50
348;99
348;2
348;34
348;18
348;72
348;63
348;15
348;73
348;4
348;17
348;90
348;89
348;12
348;67
348;84
348;67
348;93
348;100
348;85
348;17
348;0
348;39
349;88
349;87
349;80
349;52
349;90
349;84
349;63
349;3
349;5
349;9
349;76
349;85
349;50
349;94
349;47
349;77
349;11
349;42
349;47
349;95
350;98
350;96
350;15
350;84
350;69
350;38
350;47
350;0
350;50
350;94
350;18
350;86
350;9
350;22
350;74
350;38
350;86
351;92
351;84
351;64
351;73
351;1
351;51
351;0
351;92
351;43
351;33
351;26
351;47
351;25
351;71
351;90
351;67
351;62
352;49
352;77
352;39
352;23
352;57
352;37
352;9
352;74
352;81
352;85
352;55
352;11
352;5
352;45
352;79
352;36
352;24
353;75
353;64
353;95
353;15
353;79
353;35
353;64
353;8
353;73
353;98
353;2
353;22
353;20
353;29
353;30
353;6
353;86
353;51
354;13
354;93
354;4
354;31
354;33
354;38
354;59
354;1
354;36
354;0
354;93
354;71
354;87
354;83
354;72
354;67
354;27
354;70
354;30
355;100
355;68
355;48
355;96
355;65
355;61
355;75
355;95
355;60
355;87
355;0
355;14
355;39
355;73
356;53
356;8
356;11
356;93
356;50
356;91
356;14
356;84
356;47
356;86
356;39
356;62
356;3
356;36
356;78
356;79
356;51
356;32
356;52
356;24
357;40
357;12
357;55
357;12
357;12
357;30
357;91
357;70
357;52
357;20
357;18
357;49
357;69
357;46
357;32
357;12
357;96
357;31
357;63
357;19
358;50
358;1
358;17
358;52
358;75
358;2
358;68
358;52
358;64
358;47
358;64
358;58
358;14
358;5
358;7
358;8
358;47
358;35
359;86
359;93
359;72
359;31
359;69
359;1
359;97
359;86
359;82
359;90
359;38
359;81
359;58
359;11
359;32
360;45
360;55
360;35
360;79
360;7
360;44
360;70
360;49
360;49
360;14
360;12
360;13
360;41
360;45
360;50
360;70
360;20
360;1
360;99
360;16
360;20
360;38
361;96
361;38
361;9
361;14
361;22
361;38
361;38
361;51
361;79
361;32
361;50
361;6
361;93
361;50
361;0
361;16
361;94
361;100
361;27
361;62
361;50
361;4
361;33
362;62
362;58
362;52
362;1
362;77
362;62
362;55
362;34
362;20
362;65
362;50
362;75
362;74
362;83
362;37
362;30
362;85
362;85
362;74
362;96
362;97
362;52
362;18
362;12
362;11
362;82
363;94
363;50
363;84
363;71
363;52
363;56
363;3
363;55
363;57
363;58
363;37
363;16
363;47
363;76
363;82
363;50
363;46
363;78
363;54
363;2
364;6
364;57
364;88
364;64
364;57
364;26
364;99
364;60
364;27
364;95
364;54
364;51
364;98
364;47
364;96
364;91
364;62
364;95
364;51
364;86
365;16
365;89
365;100
365;60
365;20
365;45
365;4
365;31
365;89
365;55
365;92
365;98
365;6
365;77
365;39
365;10
365;61
365;45
365;16
365;84
366;49
366;10
366;66
366;1
366;47
366;39
366;69
366;94
366;49
366;95
366;67
366;67
366;78
366;30
366;10
366;66
366;97
366;41
366;18
366;13
366;61
366;10
366;76
366;97
366;58
366;40
366;94
367;47
367;62
367;10
367;40
367;100
367;63
367;90
367;38
367;8
367;34
367;62
367;7
367;84
367;58
367;33
367;69
367;6
367;63
367;0
367;24
368;70
368;25
368;75
368;73
368;29
368;65
368;19
368;77
368;51
368;44
368;51
368;71
368;87
368;1
368;83
368;86
368;97
368;81
368;44
369;32
369;60
369;66
369;26
369;47
369;33
369;66
369;46
369;41
369;85
369;14
369;43
369;88
369;72
369;86
369;86
369;33
369;22
370;69
370;73
370;84
370;27
370;32
370;92
370;23
370;61
370;82
370;10
370;41
370;93
370;90
370;43
370;46
370;46
370;0
370;37
370;58
370;95
370;88
370;60
370;1
370;19
370;85
370;78
370;9
371;93
371;71
371;32
371;26
371;88
371;73
371;62
371;32
371;20
371;65
371;19
371;54
371;60
371;35
371;57
371;17
372;33
372;44
372;49
372;47
372;90
372;55
372;54
372;4
372;2
372;22
372;15
372;64
372;60
372;48
372;22
372;16
372;83
372;63
372;55
372;47
372;3
372;86
372;80
373;96
373;58
373;47
373;33
373;83
373;68
373;37
373;71
373;4
373;96
373;83
373;43
373;53
373;30
373;80
373;53
373;73
373;45
373;7
373;82
373;52
373;85
373;92
373;7
373;80
374;18
374;52
374;15
374;65
374;60
374;61
374;54
374;42
374;24
374;52
374;37
374;26
374;44
374;32
374;42
374;96
374;22
374;16
374;7
374;16
375;73
375;86
375;60
375;47
375;78
375;56
375;95
375;32
375;87
375;9
375;42
375;80
375;42
375;71
376;53
376;23
376;35
376;47
376;80
376;84
376;38
376;14
376;13
376;91
376;100
376;15
376;9
376;13
377;23
377;85
377;65
377;32
377;5
377;7
377;43
377;87
377;69
377;82
377;72
377;10
377;33
377;93
377;46
377;87
377;20
377;95
378;21
378;39
378;24
378;54
378;23
378;20
378;63
378;25
378;89
378;36
378;8
378;4
378;65
378;44
378;29
378;40
378;10
378;99
378;76
378;12
379;1
379;12
379;38
379;40
379;82
379;54
379;31
379;1
379;29
379;92
379;87
379;99
379;71
379;2
379;100
379;98
379;37
379;18
379;70
379;20
379;78
380;39
380;20
380;50
380;84
380;15
380;39
380;33
380;10
380;55
380;71
380;67
380;76
380;53
380;5
380;84
380;57
380;86
380;88
380;58
380;19
380;93
381;28
381;86
381;26
381;88
381;16
381;67
381;17
381;56
381;38
381;34
381;11
382;47
382;16
382;34
382;36
382;88
382;55
382;22
382;68
382;53
382;29
382;53
382;10
382;9
382;57
382;25
382;95
382;44
382;16
382;9
383;76
383;15
383;15
383;60
383;3
383;12
383;5
383;74
383;90
383;25
383;89
383;70
383;36
383;93
383;37
383;11
383;74
383;65
383;16
383;21
383;22
383;44
383;81
383;28
384;31
384;35
384;21
384;54
384;85
384;57
384;56
384;85
384;96
384;76
384;70
384;100
384;70
384;74
384;3
384;98
384;92
384;43
384;10
384;88
384;13
384;13
384;22
385;63
385;71
385;46
385;48
385;10
385;85
385;62
385;67
385;55
385;0
385;41
385;63
385;11
385;0
385;32
385;60
386;100
386;10
386;11
386;53
386;98
386;12
386;2
386;99
386;28
386;12
386;93
386;6
386;80
386;26
386;8
386;42
386;83
386;27
386;43
386;76
386;49
386;93
387;85
387;28
387;80
387;53
387;97
387;58
387;2
387;2
387;88
387;23
387;28
387;78
388;12
388;22
388;47
388;70
388;1
388;46
388;11
388;100
388;49
388;74
388;25
388;90
388;60
388;42
388;17
389;71
389;12
389;66
389;54
389;61
389;86
389;96
389;79
389;60
389;80
389;23
389;40
389;45
389;68
389;100
389;39
389;26
389;74
389;26
389;50
389;29
390;7
390;42
390;27
390;90
390;81
390;83
390;21
390;19
390;86
390;38
390;54
390;51
390;70
390;22
390;47
390;33
390;98
390;38
390;99
390;96
390;54
390;29
390;54
390;84
390;79
390;39
390;28
390;55
391;22
391;11
391;27
391;58
391;79
391;29
391;76
391;90
391;12
391;10
391;67
391;89
391;10
391;24
391;55
391;24
391;23
391;15
391;71
391;49
391;96
391;55
391;84
391;14
391;28
391;98
391;13
391;0
391;86
392;22
392;20
392;65
392;30
392;54
392;52
392;84
392;75
392;41
392;22
392;100
392;14
392;71
392;24
392;46
392;35
392;19
392;88
392;89
392;13
392;75
393;18
393;85
393;16
393;97
393;20
393;6
393;46
393;0
393;48
393;70
393;33
393;81
393;5
393;1
393;16
394;95
394;96
394;40
394;44
394;49
394;6
394;93
394;39
394;57
394;63
394;31
394;51
394;43
394;97
394;80
394;11
394;25
395;23
395;10
395;16
395;80
395;93
395;92
395;96
395;23
395;37
395;54
395;29
395;55
395;69
395;24
395;93
395;64
395;79
395;0
395;46
395;5
395;52
396;70
396;83
396;28
396;19
396;92
396;92
396;70
396;90
396;88
396;39
396;34
396;58
396;41
396;93
396;36
396;97
396;1
396;15
396;17
396;74
396;19
396;42
396;54
396;76
396;38
396;88
396;52
396;5
396;100
396;63
396;48
397;14
397;59
397;84
397;73
397;11
397;98
397;71
397;20
397;96
397;78
397;41
397;33
397;37
397;62
397;16
398;96
398;96
398;91
398;75
398;18
398;27
398;90
398;85
398;72
398;100
398;11
398;6
398;71
398;35
398;27
398;93
398;6
398;90
398;59
398;12
398;73
398;14
398;66
398;55
398;53
398;52
398;55
399;12
399;30
399;49
399;75
399;52
399;89
399;79
399;43
399;61
399;1
399;70
399;30
399;98
399;45
399;33
399;3
399;35
399;97
399;24
399;87
399;8
399;89
399;76
399;35
400;43
400;4
400;57
400;2
400;5
400;20
400;48
400;11
400;28
400;0
400;58
400;23
400;65
400;5
400;27
400;83
400;12
400;57
400;97
400;94
401;67
401;64
401;6
401;31
401;51
401;92
401;62
401;11
401;86
401;67
401;49
401;63
401;11
401;5
401;3
401;76
401;21
401;34
401;52
401;11
401;44
402;68
402;3
402;87
402;91
402;6
402;87
402;94
402;31
402;37
402;87
402;32
402;31
402;69
402;92
402;20
402;66
402;48
402;61
402;2
402;60
402;53
402;54
402;53
403;84
403;89
403;98
403;99
403;99
403;57
403;89
403;3
403;43
403;3
403;86
403;9
403;24
403;30
403;65
403;45
403;52
403;35
403;54
403;40
404;48
404;15
404;20
404;71
404;66
404;7
404;93
404;48
404;67
404;74
404;49
404;46
404;2
404;31
404;11
404;35
404;73
404;23
404;0
404;55
404;80
405;71
405;90
405;88
405;39
405;32
405;22
405;79
405;16
405;22
405;83
405;12
405;48
405;48
405;34
405;32
405;79
405;27
406;60
406;28
406;23
406;37
406;41
406;12
406;0
406;22
406;19
406;33
406;95
406;28
406;14
406;28
406;64
406;79
406;9
406;42
407;94
407;45
407;93
407;10
407;80
407;100
407;12
407;7
407;20
407;56
407;63
407;60
407;4
407;45
408;0
408;87
408;20
408;36
408;10
408;1
408;22
408;96
408;74
408;72
408;36
408;18
408;98
408;82
408;67
408;24
408;4
408;60
408;30
408;82
408;18
408;26
408;31
408;89
409;24
409;72
409;57
409;75
409;40
409;20
409;86
409;20
409;52
409;21
409;23
409;58
409;89
409;65
409;97
409;89
409;62
409;48
410;1
410;67
410;17
410;69
410;71
410;19
410;85
410;98
410;21
410;72
410;98
410;92
410;40
410;95
410;53
410;27
410;17
410;13
410;15
410;100
410;9
410;13
410;18
410;70
410;60
410;80
410;15
410;41
410;70
411;50
411;35
411;12
411;73
411;77
411;23
411;90
411;30
411;85
411;26
411;20
411;52
411;56
411;41
411;97
411;99
411;28
411;42
411;19
411;92
411;28
411;35
412;37
412;21
412;76
412;55
412;25
412;52
412;69
412;56
412;63
412;15
412;7
412;79
412;20
412;72
413;27
413;74
413;5
413;72
413;37
413;15
413;74
413;31
413;68
413;90
413;83
413;3
413;75
413;20
413;54
413;5
413;95
413;57
413;84
413;73
413;21
413;0
413;65
413;23
413;10
413;100
413;68
414;46
414;64
414;61
414;63
414;57
414;49
414;47
414;76
414;51
414;97
414;67
414;68
414;44
414;31
414;64
414;63
414;43
415;25
415;62
415;89
415;76
415;33
415;59
415;87
415;7
415;38
415;68
415;25
415;79
415;10
415;39
415;67
415;99
416;64
416;1
416;19
416;26
416;95
416;6
416;41
416;33
416;56
416;33
416;46
416;74
416;61
416;84
416;94
416;10
416;32
416;99
417;77
417;68
417;6
417;25
417;99
417;81
417;55
417;96
417;60
417;6
417;74
417;6
417;27
417;40
417;62
417;22
417;38
417;35
417;53
417;98
417;84
417;18
418;100
418;90
418;100
418;66
418;66
418;99
418;12
418;21
418;72
418;76
418;92
418;13
418;62
418;16
418;58
418;73
418;50
418;3
418;74
418;16
418;78
418;79
418;66
418;1
418;6
419;61
419;38
419;72
419;32
419;71
419;3
419;15
419;53
419;77
419;64
419;41
419;32
419;21
419;90
419;76
419;51
419;74
420;43
420;42
420;87
420;51
420;82
420;72
420;50
420;72
420;42
420;12
420;94
420;74
420;80
420;94
420;34
420;59
420;56
420;60
420;74
420;35
421;52
421;19
421;23
421;55
421;19
421;11
421;58
421;0
421;34
421;19
421;77
421;68
421;2
421;50
421;98
421;38
421;37
421;6
421;57
422;29
422;86
422;31
422;97
422;67
422;90
422;75
422;98
422;83
422;81
422;79
422;33
422;18
422;31
422;62
422;38
422;93
422;64
422;59
423;20
423;87
423;18
423;30
423;69
423;60
423;60
423;92
423;55
423;41
423;35
423;46
423;77
423;41
424;4
424;85
424;66
424;71
424;52
424;52
424;22
424;93
424;40
424;15
424;43
424;40
424;23
424;78
424;45
424;59
424;60
424;32
424;32
424;96
424;43
425;79
425;35
425;56
425;95
425;94
425;96
425;28
425;1
425;78
425;44
425;62
425;26
425;52
425;21
425;73
425;93
425;9
425;78
426;86
426;50
426;60
426;81
426;82
426;86
426;82
426;76
426;48
426;43
426;16
426;24
426;31
426;8
427;19
427;66
427;32
427;78
427;66
427;33
427;16
427;43
427;7
427;89
427;49
427;97
427;93
427;21
427;2
427;42
428;99
428;36
428;42
428;85
428;9
428;61
428;77
428;52
428;52
428;8
428;34
428;9
428;35
428;57
428;24
428;0
428;68
428;74
428;98
429;94
429;78
429;22
429;43
429;61
429;99
429;25
429;41
429;52
429;15
429;92
429;69
429;72
429;97
430;14
430;19
430;40
430;18
430;31
430;94
430;100
430;35
430;77
430;31
430;64
430;42
430;60
430;95
430;29
430;53
430;38
430;55
430;26
430;61
430;19
430;25
431;96
431;21
431;71
431;66
431;71
431;70
431;97
431;42
431;50
431;54
431;28
431;7
431;82
431;35
431;7
431;71
431;2
431;28
431;70
431;92
431;79
431;71
431;91
431;49
432;62
432;80
432;92
432;3
432;82
432;85
432;90
432;5
432;18
432;10
432;21
432;63
432;97
432;30
432;12
432;82
432;18
433;40
433;90
433;19
433;94
433;54
433;10
433;44
433;61
433;94
433;97
433;45
433;0
433;79
433;63
433;83
433;94
434;95
434;57
434;66
434;48
434;43
434;7
434;66
434;22
434;54
434;14
434;33
434;65
434;100
434;69
434;16
435;73
435;43
435;39
435;43
435;81
435;64
435;38
435;64
435;60
435;15
435;85
435;69
435;39
435;63
435;72
435;58
436;77
436;28
436;40
436;76
436;33
436;4
436;96
436;22
436;43
436;33
436;0
436;79
436;83
436;25
436;71
436;20
436;34
436;68
436;7
436;87
436;30
436;5
436;57
437;33
437;61
437;6
437;33
437;71
437;78
437;35
437;58
437;6
437;92
437;10
437;80
437;42
437;63
437;6
437;76
437;100
437;33
438;14
438;94
438;60
438;19
438;36
438;79
438;95
438;36
438;75
438;14
438;83
438;77
438;2
438;17
438;62
438;81
438;47
438;97
438;10
438;12
438;68
438;30
438;98
438;5
438;28
438;46
438;12
439;20
439;64
439;9
439;48
439;59
439;87
439;99
439;74
439;0
439;7
439;81
439;21
439;87
439;43
439;47
439;65
439;75
439;99
439;25
439;85
439;5
440;59
440;13
440;3
440;34
440;38
440;37
440;94
440;98
440;80
440;95
440;57
440;27
440;5
440;22
440;90
440;59
440;40
440;16
440;23
440;81
440;32
440;59
441;70
441;34
441;74
441;58
441;13
441;0
441;79
441;81
441;26
441;52
441;54
441;90
441;92
441;99
441;92
441;67
441;95
441;13
441;18
441;23
441;21
441;86
441;50
441;21
441;89
441;14
441;98
441;40
442;84
442;86
442;28
442;56
442;19
442;45
442;82
442;73
442;89
442;81
442;47
442;66
442;6
442;47
442;78
442;50
442;80
442;79
442;33
442;9
443;14
443;62
443;72
443;5
443;82
443;13
443;40
443;31
443;57
443;2
443;95
443;51
443;23
443;57
443;61
443;80
443;55
443;18
443;19
443;99
443;25
443;88
443;5
444;44
444;65
444;91
444;60
444;71
444;29
444;42
444;81
444;23
444;64
444;32
444;5
444;99
444;6
444;30
444;57
444;36
444;48
444;51
444;100
445;74
445;31
445;28
445;30
445;77
445;78
445;0
445;61
445;97
445;43
445;59
445;64
445;96
445;8
445;75
445;63
445;32
445;83
445;35
445;42
445;8
445;24
445;62
446;7
446;51
446;86
446;72
446;4
446;2
446;87
446;86
446;15
446;82
446;76
446;86
446;52
446;59
446;27
446;84
446;56
447;89
447;86
447;11
447;96
447;71
447;79
447;4
447;10
447;0
447;2
447;22
447;41
447;47
447;43
447;61
447;99
447;72
447;40
448;2
448;79
448;66
448;13
448;13
448;29
448;50
448;53
448;0
448;29
448;39
448;51
448;14
448;77
448;54
448;1
448;6
448;84
449;87
449;80
449;52
449;58
449;37
449;63
449;6
449;87
449;91
449;70
449;63
449;100
449;38
449;84
450;55
450;20
450;1
450;65
450;58
450;13
450;25
450;64
450;68
450;74
450;71
450;24
450;90
451;41
451;41
451;83
451;49
451;26
451;42
451;58
451;52
451;2
451;9
451;71
451;18
451;90
451;8
451;95
451;63
451;45
451;68
451;81
452;95
452;70
452;71
452;37
452;18
452;86
452;53
452;82
452;27
452;34
452;93
452;59
452;64
452;67
452;91
452;32
452;29
452;59
452;10
452;41
452;65
452;24
452;2
453;35
453;76
453;59
453;16
453;28
453;65
453;30
453;70
453;61
453;91
453;73
453;81
453;52
453;49
453;29
453;40
453;64
453;49
453;47
453;76
453;15
454;17
454;72
454;71
454;4
454;98
454;95
454;14
454;93
454;40
454;46
454;31
454;45
454;93
454;31
454;84
454;84
454;84
454;88
454;84
454;8
454;36
455;3
455;93
455;34
455;79
455;58
455;66
455;17
455;30
455;43
455;12
455;64
455;34
455;94
455;98
455;39
455;99
455;96
455;38
455;4
455;37
455;3
455;62
455;84
455;22
455;29
455;0
455;11
456;29
456;36
456;1
456;43
456;5
456;12
456;66
456;40
456;42
456;27
456;76
456;33
456;47
456;90
456;35
456;35
456;55
456;49
456;30
456;90
457;21
457;58
457;37
457;10
457;40
457;89
457;85
457;17
457;38
457;46
457;98
457;17
457;11
457;29
458;18
458;47
458;91
458;39
458;15
458;58
458;76
458;1
458;97
458;98
458;83
458;27
458;0
458;11
458;72
458;54
458;74
458;64
459;87
459;23
459;48
459;44
459;47
459;22
459;46
459;94
459;30
459;17
459;65
459;81
459;86
459;30
459;86
459;33
459;84
459;0
459;61
459;11
460;28
460;42
460;96
460;70
460;3
460;64
460;21
460;0
460;33
460;37
460;94
460;72
460;100
460;72
460;35
460;13
460;67
460;4
460;20
460;38
460;0
460;68
460;57
460;62
460;60
461;16
461;60
461;26
461;73
461;15
461;78
461;28
461;29
461;45
461;74
461;73
461;52
461;31
461;23
461;3
461;83
461;89
461;33
461;65
461;15
461;95
461;21
462;15
462;14
462;95
462;42
462;13
462;0
462;49
462;92
462;64
462;65
462;13
462;53
462;26
462;19
462;0
462;37
463;85
463;11
463;61
463;39
463;88
463;100
463;43
463;73
463;90
463;79
463;16
463;16
463;61
463;95
464;14
464;65
464;61
464;82
464;77
464;97
464;97
464;37
464;38
464;17
464;53
464;39
464;42
464;14
464;20
464;30
464;87
464;68
464;64
464;81
464;81
464;28
464;43
465;10
465;49
465;39
465;77
465;25
465;49
465;96
465;36
465;1
465;4
465;82
465;37
465;96
465;26
465;81
465;43
465;55
465;36
465;73
465;72
465;93
465;37
465;69
465;17
465;59
465;63
465;25
465;3
465;72
465;53
466;41
466;76
466;31
466;14
466;35
466;81
466;77
466;68
466;92
466;99
467;21
467;32
467;83
467;90
467;31
467;22
467;82
467;13
467;80
467;98
467;39
467;61
467;15
468;38
468;8
468;15
468;15
468;71
468;71
468;50
468;27
468;24
468;93
468;29
468;4
468;30
468;12
468;54
468;89
468;54
468;68
469;56
469;49
469;46
469;93
469;56
469;57
469;91
469;70
469;13
469;64
469;62
469;92
469;46
469;53
469;55
469;34
469;78
469;75
470;93
470;17
470;31
470;61
470;71
470;96
470;59
470;54
470;97
470;93
470;54
470;7
470;93
470;46
470;67
470;55
470;20
470;21
470;39
470;12
470;15
470;40
470;95
471;32
471;35
471;1
471;15
471;62
471;29
471;89
471;80
471;67
471;0
471;15
471;40
471;100
471;50
471;54
471;53
471;33
471;28
471;18
472;91
472;14
472;9
472;18
472;38
472;59
472;83
472;71
472;38
472;53
472;81
472;14
472;80
472;52
472;51
472;4
472;67
472;20
472;25
472;96
472;10
472;34
472;32
473;86
473;28
473;53
473;19
473;95
473;27
473;85
473;54
473;30
473;11
473;55
473;47
473;69
473;72
473;77
473;27
473;65
473;45
473;89
473;44
473;10
473;2
473;37
473;86
473;5
474;94
474;2
474;78
474;24
474;18
474;55
474;39
474;7
474;38
474;58
474;13
474;31
474;48
474;0
474;61
474;69
474;21
474;7
474;93
474;82
474;75
474;9
475;96
475;73
475;7
475;79
475;68
475;53
475;92
475;82
475;34
475;85
475;99
475;45
475;85
475;17
475;86
475;94
476;36
476;100
476;18
476;81
476;78
476;23
476;6
476;22
476;52
476;83
476;34
476;14
476;58
476;34
477;32
477;69
477;22
477;37
477;82
477;13
477;97
477;12
477;7
477;40
477;65
477;100
477;29
477;95
477;30
477;89
477;87
477;14
477;87
477;75
478;70
478;35
478;62
478;73
478;6
478;45
478;26
478;56
478;23
478;64
478;91
478;40
478;81
478;20
478;32
478;97
478;14
478;69
478;47
479;17
479;11
479;31
479;16
479;74
479;7
479;25
479;74
479;55
479;25
479;92
479;73
479;77
479;88
479;32
479;68
479;58
479;17
479;27
479;20
480;50
480;96
480;21
480;75
480;71
480;44
480;92
480;71
480;66
480;57
480;2
480;52
480;25
480;49
480;44
480;29
480;72
480;63
480;47
480;79
480;68
481;29
481;68
481;15
481;94
481;94
481;17
481;38
481;25
481;22
481;8
481;8
481;53
481;64
481;28
481;87
481;94
481;20
481;36
481;65
482;12
482;19
482;94
482;78
482;12
482;61
482;13
482;45
482;95
482;23
482;84
482;68
482;35
482;66
482;50
482;61
482;78
482;80
482;0
482;90
482;62
483;78
483;77
483;59
483;80
483;81
483;32
483;47
483;9
483;31
483;41
483;75
483;79
483;78
483;16
483;52
483;80
483;24
483;60
483;48
483;57
483;36
483;45
483;97
483;53
483;42
483;72
484;68
484;41
484;67
484;1
484;52
484;58
484;67
484;72
484;47
484;32
484;11
484;64
484;58
484;48
484;47
484;84
484;73
484;82
484;71
484;70
484;95
484;31
484;15
485;38
485;60
485;86
485;13
485;36
485;63
485;57
485;68
485;53
485;95
485;17
485;46
485;95
485;49
486;67
486;81
486;92
486;92
486;43
486;12
486;85
486;96
486;86
486;43
486;81
486;28
486;72
486;31
486;56
486;40
487;44
487;57
487;29
487;86
487;44
487;86
487;65
487;8
487;11
487;49
487;38
487;18
487;55
488;70
488;38
488;41
488;62
488;83
488;46
488;60
488;43
488;37
488;95
488;10
488;8
488;70
488;87
488;45
488;35
489;60
489;42
489;44
489;40
489;23
489;23
489;24
489;76
489;11
489;60
489;34
489;78
489;55
489;68
489;44
489;67
489;77
489;11
489;9
489;33
489;29
489;61
489;75
489;26
489;27
490;32
490;71
490;68
490;23
490;34
490;84
490;57
490;8
490;63
490;34
490;53
490;20
490;7
490;24
490;37
490;6
490;46
490;52
490;30
490;90
490;4
490;54
490;59
490;33
490;24
491;20
491;96
491;21
491;90
491;5
491;82
491;62
491;37
491;77
491;14
491;32
491;95
492;7
492;50
492;57
492;98
492;90
492;51
492;5
492;10
492;53
492;46
493;52
493;16
493;68
493;10
493;25
493;22
493;16
493;1
493;35
493;82
493;71
493;36
493;98
493;41
493;43
493;38
494;34
494;28
494;54
494;31
494;37
494;27
494;26
494;84
494;60
494;94
494;34
495;100
495;48
495;47
495;22
495;26
495;75
495;58
495;22
495;22
495;45
495;89
495;30
495;50
495;2
495;83
496;82
496;49
496;10
496;54
496;44
496;61
496;20
496;57
496;87
496;27
496;18
496;5
496;63
496;69
496;4
496;84
497;90
497;54
497;92
497;14
497;39
497;28
497;64
497;32
497;44
497;83
497;69
497;90
497;91
497;61
497;42
497;5
497;0
497;59
497;67
498;81
498;54
498;44
498;74
498;43
498;1
498;95
498;52
498;10
498;82
498;3
498;30
498;79
498;36
498;95
498;15
498;4
499;82
499;47
499;92
499;11
499;66
499;5
499;31
499;44
499;69
499;48
499;22
499;28
499;7
499;7
499;8
499;73
499;10
499;96
499;92
499;77
499;73
499;40
499;29
499;96
499;49
499;23
499;37
499;12
499;81
499;70
499;8
499;83
500;37
500;41
500;85
500;53
500;31
500;57
500;55
500;84
500;41
500;36
500;16
500;58
500;97
500;48
500;21
500;36
500;23
500;29
500;82
500;26
500;76
500;14
500;81
500;55
500;97
